000000000000000
000110001100011
001010010100101
011110111101111
011011011011011
000011101010111
000100111111001
000001011001101
111111111111111
001001001001001
001110011100111
010110101101011
000010000100001
000101010001111
000000110111011
001011111010011
000100110101111
000011101100101
000111111011101
000010101001011
000001100111001
000110111110011
000000100010111
001111010101101
000000101110011
001111010011111
010101011011111
000001000110111
000101101001001
000010100011101
000011111111011
000011001011001
001110111011011
000001110010101
000000011010001
000101011101011
001100110110101
000010010111111
000111100100111
000001010101001
000111110111001
001011011011101
000110011111101
000001100001011
000100010010011
000110101011111
000101111010111
000000001001111
001101001101111
000011011000111
001011101111111
000101001110101
001001010110011
000000111101101
000000111011111
000000100100101
000011110101101
000101111100101
000111011010011
001010110101011
001001001111011
000011011110101
000010001000101
000110110010111
000110100111011
001101111111111
000101110110011
001010011110011
000000010000111
000000000101011
001101010100111
000101010111101
000000110001001
000001001100001
000001101101111
000100011110111
000010111100111
001001101110101
010111110111111
000110101101101
000101100011111
000110011001111
001001011010111
001011101001101
000010110110001
000110010011001
000101001000111
001111101101011
000001111000011
001011110110111
000010011101001
000100101010101
001011011101111
001110101110111
000000001111101
001010111111101
000111001111111
000001010011011
000011010100011
000000000011001
000100110011101
000011001101011
000111111101111
000001111110001
010111111011011
000010100101111
000001101011101
000100101100111
001010100110101
000010011011011
000010101111001
010111101110111
000111001001101
000100111001011
000000101000001
001001011100101
000001110100111
000011100110011
000110110100101
000101100101101
001111111110101
000110010101011
000010111010101
001110110111111
001111011111011
000011111001001
000010001110111
000011000111101
000101011011001
000011110011111
000010010001101
000101101111011
010101010111011
000011010010001
000100011000101
000001011111111
000000010110101
000000011100011
001001111101011
001010111001111
001001110111101
001101100110111
000111010110111
000001001010011
