000000000000000
000110001100011
001010010100101
011110111101111
011011011011011
000011101010111
000100111111001
000001011001101
111111111111111
001001001001001
001110011100111
010110101101011
000010000100001
000101010001111
000000110111011
001011111010011
000111101011001
000010100110111
000001001110011
000011010010101
000101110111111
000000111010001
000110011111011
001011010101111
000000110011101
000100100101101
000001110110001
010101011111011
001011110011111
000011011111111
000010111000101
000001010100111
001101101110111
000010011010011
001010110110011
000110101110101
000000010001011
000111001001111
000011111101001
000100111011111
000001001010101
000001101000011
000101111110011
001011101101101
000100011001001
001011001111011
000000001111001
000111010111101
000111110101011
000000101101111
001001100110101
000101011100101
001111111011101
000011100011011
000000011100001
001010011001111
000110011011101
001111111111011
000110111001011
000111010011011
000010100010001
000010101111011
001001001101111
001101010110101
000110010110111
000101001111101
000010110101111
000000101001001
000000111110111
000000000110101
001011001011101
001001110101101
000111100110011
000110100011111
000101101101011
010111111011111
001001010111011
000011100111101
000100011101111
000001111011011
000001000011001
000000100100011
000101111010101
001010101100111
000001101100101
000111111100111
001011111110101
000000001011111
001110111010111
001111011101101
000101010101001
000010010111001
001110110111101
000001100001111
001101011011111
000100101000111
000100110010011
000010001101101
000011000101011
000001011101011
000011110100101
010110110111111
000001000111111
000111101111111
000011010110011
000101110011001
000000000010011
000110100111001
000101100100111
010111011101111
000010011110101
000011011011001
001010100101011
000111001101001
000011101110001
000010010011111
001101111101111
001111110110111
000010101011101
000110101010011
001010111111111
000101101001101
000101001011011
000011001100111
000001110010111
001001010011101
000000100000101
000100110110101
000010111100011
000100010100011
000010001001011
010101010110111
000110111101101
000010110001001
000011111001111
000001100101001
000111011010111
001101100111011
001001011110111
001110101001111
001001101011111
000000011000111
000000010101101
000001111111101
