000000000000000
011011011011011
111111111111111
001001001001001
000100110101111
000011101100101
000111111011101
000010101001011
000001100111001
000110111110011
000000100010111
001111010101101
000111101011001
000001101111011
000111010010111
001011011010011
001101100111111
000011111011111
000101000110011
000101111111101
000000100101001
000010110001101
001001001110111
010101110110111
000001010110101
000010001000011
001010101001111
000000011100111
000010100110111
000001000001111
001100111010111
000000001011101
010110111111011
001011110100111
000100011011011
000100100010101
001010111110101
001111011101111
000011010101011
000110001111111
000010011111001
000101101000111
001001011001101
000000110010011
000001001110011
000011010010101
000101110111111
000000000100001
000101101111001
001010111001011
000101011110101
001001100111101
001001111111011
001100110101011
000110101001001
000011101011011
000000111101111
001111101011101
000100011100101
000110110001111
000000101101011
000011100011001
000010010000101
001001101111111
000001011110111
000001111111111
000011011010111
000110111001101
000011001010011
000100010100111
000101010110111
001101110111011
000010011000111
001101101111101
000000010100101
001101001110101
000010111001111
000000001100011
000101100111011
001011101011111
000111110011111
000111011010101
000000110101101
010101010111111
001011111011011
000100111101101
000001000110001
000011110011101
001001011110011
000100101101001
000001110111101
000100100101011
000000111010001
000110011111011
001011010101111
000000101010101
000001001001101
000010010111011
001110111110111
000011000101111
000011001101101
001011011101101
000010111110001
001110110110101
001110011111111
000100111010011
000001101000101
000001100000111
000100101010111
001010010111111
000011100100111
001010011111101
000111001101111
011110111111111
000011011101001
000110100110101
000010101110101
000010110110011
000000010011011
001010100110011
001010110110111
000101001001111
000010000111111
000001010001011
000110101110111
000010001111101
000000000011111
000111100100101
000110010111001
001101011001111
000111011101011
000111010101001
000100010011001
000111101100111
000001011001001
010110101111111
000101011001011
000011110100011
010111101101111
000000011011001
